month,avg_headcount,min_headcount,max_headcount,terminations,turnover_rate_pct,termination_reasons
1990-10-01T00:00:00.000Z,1,1,1,0,0,null
1990-11-01T00:00:00.000Z,1.6,1,2,0,0,null
1990-12-01T00:00:00.000Z,2,2,2,0,0,null
1991-01-01T00:00:00.000Z,2,2,2,0,0,null
1991-02-01T00:00:00.000Z,2,2,2,0,0,null
1991-03-01T00:00:00.000Z,2,2,2,0,0,null
1991-04-01T00:00:00.000Z,2,2,2,0,0,null
1991-05-01T00:00:00.000Z,2,2,2,0,0,null
1991-06-01T00:00:00.000Z,2.2,2,3,0,0,null
1991-07-01T00:00:00.000Z,3,3,3,0,0,null
1991-08-01T00:00:00.000Z,3,3,3,0,0,null
1991-09-01T00:00:00.000Z,3,3,3,0,0,null
1991-10-01T00:00:00.000Z,3,3,3,0,0,null
1991-11-01T00:00:00.000Z,3,3,3,0,0,null
1991-12-01T00:00:00.000Z,3,3,3,0,0,null
1992-01-01T00:00:00.000Z,3,3,3,0,0,null
1992-02-01T00:00:00.000Z,3,3,3,0,0,null
1992-03-01T00:00:00.000Z,3,3,3,0,0,null
1992-04-01T00:00:00.000Z,3.3,3,4,0,0,null
1992-05-01T00:00:00.000Z,4,4,4,0,0,null
1992-06-01T00:00:00.000Z,4,4,4,0,0,null
1992-07-01T00:00:00.000Z,4,4,4,0,0,null
1992-08-01T00:00:00.000Z,4,4,4,0,0,null
1992-09-01T00:00:00.000Z,4,4,4,0,0,null
1992-10-01T00:00:00.000Z,4,4,4,0,0,null
1992-11-01T00:00:00.000Z,4,4,4,0,0,null
1992-12-01T00:00:00.000Z,4,4,4,0,0,null
1993-01-01T00:00:00.000Z,4,4,4,0,0,null
1993-02-01T00:00:00.000Z,4,4,4,0,0,null
1993-03-01T00:00:00.000Z,4,4,4,0,0,null
1993-04-01T00:00:00.000Z,4,4,4,0,0,null
1993-05-01T00:00:00.000Z,4,4,4,0,0,null
1993-06-01T00:00:00.000Z,4.8,4,5,0,0,null
1993-07-01T00:00:00.000Z,5,5,5,0,0,null
1993-08-01T00:00:00.000Z,5.4,5,6,0,0,null
1993-09-01T00:00:00.000Z,6,6,6,0,0,null
1993-10-01T00:00:00.000Z,6,6,6,0,0,null
1993-11-01T00:00:00.000Z,6.5,6,7,0,0,null
1993-12-01T00:00:00.000Z,7,7,7,0,0,null
1994-01-01T00:00:00.000Z,7.7,7,8,0,0,null
1994-02-01T00:00:00.000Z,8,8,8,0,0,null
1994-03-01T00:00:00.000Z,8,8,8,0,0,null
1994-04-01T00:00:00.000Z,8.9,8,9,0,0,null
1994-05-01T00:00:00.000Z,9,9,9,0,0,null
1994-06-01T00:00:00.000Z,9,9,9,0,0,null
1994-07-01T00:00:00.000Z,9.9,9,10,0,0,null
1994-08-01T00:00:00.000Z,10,10,10,0,0,null
1994-09-01T00:00:00.000Z,10,10,10,0,0,null
1994-10-01T00:00:00.000Z,10,10,10,0,0,null
1994-11-01T00:00:00.000Z,10,10,10,0,0,null
1994-12-01T00:00:00.000Z,10,10,10,0,0,null
1995-01-01T00:00:00.000Z,10,10,10,0,0,null
1995-02-01T00:00:00.000Z,10,10,10,0,0,null
1995-03-01T00:00:00.000Z,10,10,10,0,0,null
1995-04-01T00:00:00.000Z,10.9,10,11,0,0,null
1995-05-01T00:00:00.000Z,11,11,11,0,0,null
1995-06-01T00:00:00.000Z,11,11,11,0,0,null
1995-07-01T00:00:00.000Z,11,11,11,0,0,null
1995-08-01T00:00:00.000Z,11.1,11,12,0,0,null
1995-09-01T00:00:00.000Z,12,12,12,0,0,null
1995-10-01T00:00:00.000Z,12,12,12,0,0,null
1995-11-01T00:00:00.000Z,12,12,12,0,0,null
1995-12-01T00:00:00.000Z,12,12,12,0,0,null
1996-01-01T00:00:00.000Z,12,12,12,0,0,null
1996-02-01T00:00:00.000Z,12,12,12,0,0,null
1996-03-01T00:00:00.000Z,12,12,12,0,0,null
1996-04-01T00:00:00.000Z,12,12,12,0,0,null
1996-05-01T00:00:00.000Z,12,12,12,0,0,null
1996-06-01T00:00:00.000Z,12,12,12,0,0,null
1996-07-01T00:00:00.000Z,12,12,12,0,0,null
1996-08-01T00:00:00.000Z,12,12,12,0,0,null
1996-09-01T00:00:00.000Z,12,12,12,0,0,null
1996-10-01T00:00:00.000Z,12,12,12,0,0,null
1996-11-01T00:00:00.000Z,12,12,12,0,0,null
1996-12-01T00:00:00.000Z,12,12,12,0,0,null
1997-01-01T00:00:00.000Z,12,12,12,0,0,null
1997-02-01T00:00:00.000Z,12,12,12,0,0,null
1997-03-01T00:00:00.000Z,12,12,12,0,0,null
1997-04-01T00:00:00.000Z,12,12,12,0,0,null
1997-05-01T00:00:00.000Z,12,12,12,0,0,null
1997-06-01T00:00:00.000Z,12,12,12,0,0,null
1997-07-01T00:00:00.000Z,12,12,12,0,0,null
1997-08-01T00:00:00.000Z,12,12,12,0,0,null
1997-09-01T00:00:00.000Z,12,12,12,0,0,null
1997-10-01T00:00:00.000Z,12,12,12,0,0,null
1997-11-01T00:00:00.000Z,12,12,12,0,0,null
1997-12-01T00:00:00.000Z,12,12,12,0,0,null
1998-01-01T00:00:00.000Z,12,12,12,0,0,null
1998-02-01T00:00:00.000Z,12,12,12,0,0,null
1998-03-01T00:00:00.000Z,12,12,12,0,0,null
1998-04-01T00:00:00.000Z,12,12,12,0,0,null
1998-05-01T00:00:00.000Z,12,12,12,0,0,null
1998-06-01T00:00:00.000Z,14,14,14,0,0,null
1998-07-01T00:00:00.000Z,15.3,14,16,0,0,null
1998-08-01T00:00:00.000Z,17.4,16,19,0,0,null
1998-09-01T00:00:00.000Z,19.6,19,20,0,0,null
1998-10-01T00:00:00.000Z,20.9,20,21,0,0,null
1998-11-01T00:00:00.000Z,21.5,21,22,0,0,null
1998-12-01T00:00:00.000Z,22,22,22,0,0,null
1999-01-01T00:00:00.000Z,22.2,22,23,0,0,null
1999-02-01T00:00:00.000Z,23,23,23,0,0,null
1999-03-01T00:00:00.000Z,23,23,23,0,0,null
1999-04-01T00:00:00.000Z,23.9,23,24,0,0,null
1999-05-01T00:00:00.000Z,25,24,26,0,0,null
1999-06-01T00:00:00.000Z,26.3,26,27,0,0,null
1999-07-01T00:00:00.000Z,27.2,27,28,0,0,null
1999-08-01T00:00:00.000Z,29.9,28,30,0,0,null
1999-09-01T00:00:00.000Z,30.9,30,32,0,0,null
1999-10-01T00:00:00.000Z,32.5,32,33,0,0,null
1999-11-01T00:00:00.000Z,34,34,34,0,0,null
1999-12-01T00:00:00.000Z,34.8,34,35,0,0,null
2000-01-01T00:00:00.000Z,35,35,35,0,0,null
2000-02-01T00:00:00.000Z,35,35,35,0,0,null
2000-03-01T00:00:00.000Z,35,35,35,0,0,null
2000-04-01T00:00:00.000Z,35,35,35,0,0,null
2000-05-01T00:00:00.000Z,35,35,35,0,0,null
2000-06-01T00:00:00.000Z,35,35,35,0,0,null
2000-07-01T00:00:00.000Z,35,35,35,0,0,null
2000-08-01T00:00:00.000Z,35,35,35,0,0,null
2000-09-01T00:00:00.000Z,35.2,35,36,0,0,null
2000-10-01T00:00:00.000Z,36,36,36,0,0,null
2000-11-01T00:00:00.000Z,36,36,36,0,0,null
2000-12-01T00:00:00.000Z,36,36,36,0,0,null
2001-01-01T00:00:00.000Z,36,36,36,0,0,null
2001-02-01T00:00:00.000Z,36,36,36,0,0,null
2001-03-01T00:00:00.000Z,36,36,36,0,0,null
2001-04-01T00:00:00.000Z,36,36,36,0,0,null
2001-05-01T00:00:00.000Z,36,36,36,0,0,null
2001-06-01T00:00:00.000Z,36,36,36,0,0,null
2001-07-01T00:00:00.000Z,36,36,36,0,0,null
2001-08-01T00:00:00.000Z,36,36,36,0,0,null
2001-09-01T00:00:00.000Z,36,36,36,0,0,null
2001-10-01T00:00:00.000Z,36,36,36,0,0,null
2001-11-01T00:00:00.000Z,36,36,36,0,0,null
2001-12-01T00:00:00.000Z,36,36,36,0,0,null
2002-01-01T00:00:00.000Z,36,36,36,0,0,null
2002-02-01T00:00:00.000Z,36,36,36,0,0,null
2002-03-01T00:00:00.000Z,36,36,36,0,0,null
2002-04-01T00:00:00.000Z,36,36,36,0,0,null
2002-05-01T00:00:00.000Z,36,36,36,0,0,null
2002-06-01T00:00:00.000Z,36,36,36,0,0,null
2002-07-01T00:00:00.000Z,36,36,36,0,0,null
2002-08-01T00:00:00.000Z,36,36,36,0,0,null
2002-09-01T00:00:00.000Z,36,36,36,0,0,null
2002-10-01T00:00:00.000Z,36,36,36,0,0,null
2002-11-01T00:00:00.000Z,36,36,36,0,0,null
2002-12-01T00:00:00.000Z,36,36,36,0,0,null
2003-01-01T00:00:00.000Z,36,36,36,0,0,null
2003-02-01T00:00:00.000Z,36,36,36,0,0,null
2003-03-01T00:00:00.000Z,36,36,36,0,0,null
2003-04-01T00:00:00.000Z,36,36,36,0,0,null
2003-05-01T00:00:00.000Z,36,36,36,0,0,null
2003-06-01T00:00:00.000Z,36,36,36,0,0,null
2003-07-01T00:00:00.000Z,36,36,36,0,0,null
2003-08-01T00:00:00.000Z,36,36,36,0,0,null
2003-09-01T00:00:00.000Z,36,36,36,0,0,null
2003-10-01T00:00:00.000Z,36,36,36,0,0,null
2003-11-01T00:00:00.000Z,36,36,36,0,0,null
2003-12-01T00:00:00.000Z,36,36,36,0,0,null
2004-01-01T00:00:00.000Z,36,36,36,0,0,null
2004-02-01T00:00:00.000Z,36,36,36,0,0,null
2004-03-01T00:00:00.000Z,36,36,36,0,0,null
2004-04-01T00:00:00.000Z,36,36,36,0,0,null
2004-05-01T00:00:00.000Z,36,36,36,0,0,null
2004-06-01T00:00:00.000Z,36,36,36,0,0,null
2004-07-01T00:00:00.000Z,36,36,36,0,0,null
2004-08-01T00:00:00.000Z,36,36,36,0,0,null
2004-09-01T00:00:00.000Z,36,36,36,0,0,null
2004-10-01T00:00:00.000Z,36,36,36,0,0,null
2004-11-01T00:00:00.000Z,36,36,36,0,0,null
2004-12-01T00:00:00.000Z,36,36,36,0,0,null
2005-01-01T00:00:00.000Z,36,36,36,0,0,null
2005-02-01T00:00:00.000Z,36,36,36,0,0,null
2005-03-01T00:00:00.000Z,36,36,36,0,0,null
2005-04-01T00:00:00.000Z,36,36,36,0,0,null
2005-05-01T00:00:00.000Z,36,36,36,0,0,null
2005-06-01T00:00:00.000Z,36,36,36,0,0,null
2005-07-01T00:00:00.000Z,36,36,36,0,0,null
2005-08-01T00:00:00.000Z,36,36,36,0,0,null
2005-09-01T00:00:00.000Z,36.5,36,37,0,0,null
2005-10-01T00:00:00.000Z,37,37,37,0,0,null
2005-11-01T00:00:00.000Z,37,37,37,0,0,null
2005-12-01T00:00:00.000Z,37,37,37,0,0,null
2006-01-01T00:00:00.000Z,37,37,37,0,0,null
2006-02-01T00:00:00.000Z,37,37,37,0,0,null
2006-03-01T00:00:00.000Z,37,37,37,0,0,null
2006-04-01T00:00:00.000Z,37,37,37,0,0,null
2006-05-01T00:00:00.000Z,37,37,37,0,0,null
2006-06-01T00:00:00.000Z,37,37,37,0,0,null
2006-07-01T00:00:00.000Z,37,37,37,0,0,null
2006-08-01T00:00:00.000Z,37.7,37,38,0,0,null
2006-09-01T00:00:00.000Z,38,38,38,0,0,null
2006-10-01T00:00:00.000Z,38,38,38,0,0,null
2006-11-01T00:00:00.000Z,38,38,38,0,0,null
2006-12-01T00:00:00.000Z,38,38,38,0,0,null
2007-01-01T00:00:00.000Z,38,38,38,0,0,null
2007-02-01T00:00:00.000Z,38,38,38,0,0,null
2007-03-01T00:00:00.000Z,38,38,38,0,0,null
2007-04-01T00:00:00.000Z,38,38,38,0,0,null
2007-05-01T00:00:00.000Z,38,38,38,0,0,null
2007-06-01T00:00:00.000Z,38,38,38,0,0,null
2007-07-01T00:00:00.000Z,38,38,38,0,0,null
2007-08-01T00:00:00.000Z,38,38,38,0,0,null
2007-09-01T00:00:00.000Z,38,38,38,0,0,null
2007-10-01T00:00:00.000Z,38,38,38,0,0,null
2007-11-01T00:00:00.000Z,38,38,38,0,0,null
2007-12-01T00:00:00.000Z,38,38,38,0,0,null
2008-01-01T00:00:00.000Z,38,38,38,0,0,null
2008-02-01T00:00:00.000Z,38,38,38,0,0,null
2008-03-01T00:00:00.000Z,38,38,38,0,0,null
2008-04-01T00:00:00.000Z,38,38,38,0,0,null
2008-05-01T00:00:00.000Z,38,38,38,0,0,null
2008-06-01T00:00:00.000Z,38,38,38,0,0,null
2008-07-01T00:00:00.000Z,39,38,39,0,0,null
2008-08-01T00:00:00.000Z,39,39,39,0,0,null
2008-09-01T00:00:00.000Z,39.1,39,40,0,0,null
2008-10-01T00:00:00.000Z,40,40,40,0,0,null
2008-11-01T00:00:00.000Z,40,40,40,0,0,null
2008-12-01T00:00:00.000Z,40,40,40,0,0,null
2009-01-01T00:00:00.000Z,40,40,40,0,0,null
2009-02-01T00:00:00.000Z,40,40,40,0,0,null
2009-03-01T00:00:00.000Z,40.7,40,41,0,0,null
2009-04-01T00:00:00.000Z,41,41,41,0,0,null
2009-05-01T00:00:00.000Z,41,41,41,0,0,null
2009-06-01T00:00:00.000Z,41,41,41,0,0,null
2009-07-01T00:00:00.000Z,41,41,41,0,0,null
2009-08-01T00:00:00.000Z,41,41,41,0,0,null
2009-09-01T00:00:00.000Z,41,41,41,0,0,null
2009-10-01T00:00:00.000Z,41,41,41,0,0,null
2009-11-01T00:00:00.000Z,41,41,41,0,0,null
2009-12-01T00:00:00.000Z,41,41,41,0,0,null
2010-01-01T00:00:00.000Z,41,41,41,0,0,null
2010-02-01T00:00:00.000Z,41,41,41,0,0,null
2010-03-01T00:00:00.000Z,41,41,41,0,0,null
2010-04-01T00:00:00.000Z,41,41,41,0,0,null
2010-05-01T00:00:00.000Z,41,41,41,0,0,null
2010-06-01T00:00:00.000Z,41,41,41,0,0,null
2010-07-01T00:00:00.000Z,41,41,41,0,0,null
2010-08-01T00:00:00.000Z,41,41,41,0,0,null
2010-09-01T00:00:00.000Z,41,41,41,0,0,null
2010-10-01T00:00:00.000Z,41,41,41,0,0,null
2010-11-01T00:00:00.000Z,41,41,41,0,0,null
2010-12-01T00:00:00.000Z,41,41,41,0,0,null
2011-01-01T00:00:00.000Z,41,41,41,0,0,null
2011-02-01T00:00:00.000Z,41,41,41,0,0,null
2011-03-01T00:00:00.000Z,41,41,41,0,0,null
2011-04-01T00:00:00.000Z,41,41,41,0,0,null
2011-05-01T00:00:00.000Z,41.6,41,42,0,0,null
2011-06-01T00:00:00.000Z,42,42,42,0,0,null
2011-07-01T00:00:00.000Z,42.8,42,43,0,0,null
2011-08-01T00:00:00.000Z,43,43,43,0,0,null
2011-09-01T00:00:00.000Z,43,43,43,0,0,null
2011-10-01T00:00:00.000Z,43,43,43,0,0,null
2011-11-01T00:00:00.000Z,43,43,43,0,0,null
2011-12-01T00:00:00.000Z,43,43,43,0,0,null
2012-01-01T00:00:00.000Z,43,43,43,0,0,null
2012-02-01T00:00:00.000Z,43,43,43,0,0,null
2012-03-01T00:00:00.000Z,43,43,43,0,0,null
2012-04-01T00:00:00.000Z,43,43,43,0,0,null
2012-05-01T00:00:00.000Z,43,43,43,0,0,null
2012-06-01T00:00:00.000Z,43,43,43,0,0,null
2012-07-01T00:00:00.000Z,43,43,43,0,0,null
2012-08-01T00:00:00.000Z,43,43,43,0,0,null
2012-09-01T00:00:00.000Z,43,43,43,0,0,null
2012-10-01T00:00:00.000Z,43,43,43,0,0,null
2012-11-01T00:00:00.000Z,43,43,43,0,0,null
2012-12-01T00:00:00.000Z,43,43,43,0,0,null
2013-01-01T00:00:00.000Z,43,43,43,0,0,null
2013-02-01T00:00:00.000Z,43,43,43,0,0,null
2013-03-01T00:00:00.000Z,43,43,43,0,0,null
2013-04-01T00:00:00.000Z,43,43,43,0,0,null
2013-05-01T00:00:00.000Z,43,43,43,0,0,null
2013-06-01T00:00:00.000Z,43,43,43,0,0,null
2013-07-01T00:00:00.000Z,43,43,43,0,0,null
2013-08-01T00:00:00.000Z,43,43,43,0,0,null
2013-09-01T00:00:00.000Z,43,43,43,0,0,null
2013-10-01T00:00:00.000Z,43,43,43,0,0,null
2013-11-01T00:00:00.000Z,43,43,43,0,0,null
2013-12-01T00:00:00.000Z,43,43,43,0,0,null
2014-01-01T00:00:00.000Z,43,43,43,0,0,null
2014-02-01T00:00:00.000Z,43,43,43,0,0,null
2014-03-01T00:00:00.000Z,43.2,43,44,0,0,null
2014-04-01T00:00:00.000Z,44,44,44,0,0,null
2014-05-01T00:00:00.000Z,44,44,44,0,0,null
2014-06-01T00:00:00.000Z,44,44,44,0,0,null
2014-07-01T00:00:00.000Z,44,44,44,0,0,null
2014-08-01T00:00:00.000Z,44,44,44,0,0,null
2014-09-01T00:00:00.000Z,44,44,44,0,0,null
2014-10-01T00:00:00.000Z,44,44,44,0,0,null
2014-11-01T00:00:00.000Z,44,44,44,0,0,null
2014-12-01T00:00:00.000Z,44,44,44,0,0,null
2015-01-01T00:00:00.000Z,44,44,44,0,0,null
2015-02-01T00:00:00.000Z,44,44,44,0,0,null
2015-03-01T00:00:00.000Z,44,44,44,0,0,null
2015-04-01T00:00:00.000Z,44,44,44,0,0,null
2015-05-01T00:00:00.000Z,44.7,44,45,0,0,null
2015-06-01T00:00:00.000Z,45,45,45,0,0,null
2015-07-01T00:00:00.000Z,45,45,45,0,0,null
2015-08-01T00:00:00.000Z,45,45,45,0,0,null
2015-09-01T00:00:00.000Z,45,45,45,0,0,null
2015-10-01T00:00:00.000Z,45,45,45,0,0,null
2015-11-01T00:00:00.000Z,45,45,45,0,0,null
2015-12-01T00:00:00.000Z,45,45,45,0,0,null
2016-01-01T00:00:00.000Z,45,45,45,0,0,null
2016-02-01T00:00:00.000Z,45,45,45,0,0,null
2016-03-01T00:00:00.000Z,45,45,45,0,0,null
2016-04-01T00:00:00.000Z,45,45,45,0,0,null
2016-05-01T00:00:00.000Z,45,45,45,0,0,null
2016-06-01T00:00:00.000Z,45,45,45,0,0,null
2016-07-01T00:00:00.000Z,45.5,45,46,0,0,null
2016-08-01T00:00:00.000Z,46,46,46,0,0,null
2016-09-01T00:00:00.000Z,46,46,46,0,0,null
2016-10-01T00:00:00.000Z,46,46,46,0,0,null
2016-11-01T00:00:00.000Z,46,46,46,0,0,null
2016-12-01T00:00:00.000Z,46,46,46,0,0,null
2017-01-01T00:00:00.000Z,46,46,46,0,0,null
2017-02-01T00:00:00.000Z,46.3,46,47,0,0,null
2017-03-01T00:00:00.000Z,47,47,47,0,0,null
2017-04-01T00:00:00.000Z,47,47,47,0,0,null
2017-05-01T00:00:00.000Z,47.5,47,48,0,0,null
2017-06-01T00:00:00.000Z,48,48,48,0,0,null
2017-07-01T00:00:00.000Z,48,48,48,0,0,null
2017-08-01T00:00:00.000Z,48,48,48,0,0,null
2017-09-01T00:00:00.000Z,48,48,48,0,0,null
2017-10-01T00:00:00.000Z,48,48,48,0,0,null
2017-11-01T00:00:00.000Z,48,48,48,0,0,null
2017-12-01T00:00:00.000Z,48,48,48,0,0,null
2018-01-01T00:00:00.000Z,48,48,48,0,0,null
2018-02-01T00:00:00.000Z,48,48,48,0,0,null
2018-03-01T00:00:00.000Z,48.9,48,49,0,0,null
2018-04-01T00:00:00.000Z,49,49,49,0,0,null
2018-05-01T00:00:00.000Z,49,49,49,0,0,null
2018-06-01T00:00:00.000Z,49,49,49,0,0,null
2018-07-01T00:00:00.000Z,49,49,49,0,0,null
2018-08-01T00:00:00.000Z,49,49,49,0,0,null
2018-09-01T00:00:00.000Z,49,49,49,0,0,null
2018-10-01T00:00:00.000Z,49,49,49,0,0,null
2018-11-01T00:00:00.000Z,49,49,49,0,0,null
2018-12-01T00:00:00.000Z,49,49,49,0,0,null
2019-01-01T00:00:00.000Z,49,49,49,0,0,null
2019-02-01T00:00:00.000Z,50,50,50,0,0,null
2019-03-01T00:00:00.000Z,50,50,50,0,0,null
2019-04-01T00:00:00.000Z,50,50,50,0,0,null
2019-05-01T00:00:00.000Z,50,50,50,0,0,null
2019-06-01T00:00:00.000Z,50,50,50,0,0,null
2019-07-01T00:00:00.000Z,50,50,50,0,0,null
2019-08-01T00:00:00.000Z,50,50,50,0,0,null
2019-09-01T00:00:00.000Z,50,50,50,0,0,null
2019-10-01T00:00:00.000Z,50,50,50,0,0,null
2019-11-01T00:00:00.000Z,50,50,50,0,0,null
2019-12-01T00:00:00.000Z,50,50,50,0,0,null
2020-01-01T00:00:00.000Z,50,50,50,0,0,null
2020-02-01T00:00:00.000Z,50,50,50,0,0,null
2020-03-01T00:00:00.000Z,50,50,50,0,0,null
2020-04-01T00:00:00.000Z,50,50,50,0,0,null
2020-05-01T00:00:00.000Z,50,50,50,0,0,null
2020-06-01T00:00:00.000Z,50,50,50,0,0,null
2020-07-01T00:00:00.000Z,50,50,50,0,0,null
2020-08-01T00:00:00.000Z,50,50,50,0,0,null
2020-09-01T00:00:00.000Z,50,50,50,0,0,null
2020-10-01T00:00:00.000Z,50,50,50,0,0,null
2020-11-01T00:00:00.000Z,50,50,50,0,0,null
2020-12-01T00:00:00.000Z,50,50,50,0,0,null
2021-01-01T00:00:00.000Z,50,50,50,0,0,null
2021-02-01T00:00:00.000Z,50,50,50,0,0,null
2021-03-01T00:00:00.000Z,50,50,50,0,0,null
2021-04-01T00:00:00.000Z,50,50,50,0,0,null
2021-05-01T00:00:00.000Z,50,50,50,0,0,null
2021-06-01T00:00:00.000Z,50,50,50,0,0,null
2021-07-01T00:00:00.000Z,50,50,50,0,0,null
2021-08-01T00:00:00.000Z,50,50,50,0,0,null
2021-09-01T00:00:00.000Z,50,50,50,0,0,null
2021-10-01T00:00:00.000Z,50,50,50,0,0,null
2021-11-01T00:00:00.000Z,50,50,50,0,0,null
2021-12-01T00:00:00.000Z,50,50,50,0,0,null
2022-01-01T00:00:00.000Z,50,50,50,0,0,null
2022-02-01T00:00:00.000Z,50,50,50,0,0,null
2022-03-01T00:00:00.000Z,50,50,50,0,0,null
2022-04-01T00:00:00.000Z,50,50,50,0,0,null
2022-05-01T00:00:00.000Z,50,50,50,0,0,null
2022-06-01T00:00:00.000Z,50,50,50,0,0,null
2022-07-01T00:00:00.000Z,50,50,50,0,0,null
2022-08-01T00:00:00.000Z,50,50,50,0,0,null
2022-09-01T00:00:00.000Z,50,50,50,0,0,null
2022-10-01T00:00:00.000Z,50,50,50,0,0,null
2022-11-01T00:00:00.000Z,50,50,50,0,0,null
2022-12-01T00:00:00.000Z,50,50,50,0,0,null
2023-01-01T00:00:00.000Z,50,50,50,0,0,null
2023-02-01T00:00:00.000Z,50,50,50,0,0,null
2023-03-01T00:00:00.000Z,50,50,50,0,0,null
2023-04-01T00:00:00.000Z,50,50,50,0,0,null
2023-05-01T00:00:00.000Z,50,50,50,0,0,null
2023-06-01T00:00:00.000Z,50,50,50,0,0,null
2023-07-01T00:00:00.000Z,50,50,50,0,0,null
2023-08-01T00:00:00.000Z,50,50,50,0,0,null
2023-09-01T00:00:00.000Z,50,50,50,0,0,null
2023-10-01T00:00:00.000Z,50,50,50,0,0,null
2023-11-01T00:00:00.000Z,50,50,50,0,0,null
2023-12-01T00:00:00.000Z,50,50,50,0,0,null
2024-01-01T00:00:00.000Z,50,50,50,0,0,null
2024-02-01T00:00:00.000Z,50,50,50,0,0,null
2024-03-01T00:00:00.000Z,50,50,50,0,0,null
2024-04-01T00:00:00.000Z,50,50,50,0,0,null
2024-05-01T00:00:00.000Z,50,50,50,0,0,null
2024-06-01T00:00:00.000Z,50,50,50,0,0,null
2024-07-01T00:00:00.000Z,50,50,50,0,0,null
2024-08-01T00:00:00.000Z,50,50,50,0,0,null
2024-09-01T00:00:00.000Z,50,50,50,0,0,null
2024-10-01T00:00:00.000Z,48.9,48,50,2,4.09,"[""Involuntary""]"
2024-11-01T00:00:00.000Z,48,48,48,0,0,null
2024-12-01T00:00:00.000Z,47.4,47,48,1,2.11,"[""Voluntary""]"
2025-01-01T00:00:00.000Z,46.2,46,47,1,2.17,"[""Voluntary""]"
2025-02-01T00:00:00.000Z,46,46,46,0,0,null
2025-03-01T00:00:00.000Z,46,46,46,0,0,null
2025-04-01T00:00:00.000Z,46,46,46,0,0,null
2025-05-01T00:00:00.000Z,45.5,45,46,1,2.2,"[""Voluntary""]"
2025-06-01T00:00:00.000Z,44.9,44,45,1,2.23,"[""Voluntary""]"
2025-07-01T00:00:00.000Z,44,44,44,0,0,null
2025-08-01T00:00:00.000Z,44,44,44,0,0,null
2025-09-01T00:00:00.000Z,44,44,44,0,0,null
2025-10-01T00:00:00.000Z,44,44,44,0,0,null
